Text view of the the original binary file "title"
This still contains the extra 6 bytes

20 20 20 20 20 20 20 20	20 20 20 20 20 20 20 20	
20 20 20 20 20 20 20 20	20 20 20 20 20 20 20 20		
20 20 20 20 20 20 20 20	20 20 20 20 20 20 20 20		
20 20 20 20 20 20 20 20	20 20 20 20 20 20 20 20		
20 20 20 20 20 20 20 20	20 20 20 20 20 20 20 20		
20 20 20 20 20 20 20 20	20 20 20 20 20 20 20 20		
12 05 10 05 0e 14 3a 20	20 20 20 20 20 20 20 20		
20 20 20 20 20 20 20 20	20 20 20 20 20 20 20 20		
20 20 20 20 20 01 0e 20	05 13 03 01 10 05 20 06		
12 0f 0d 20 08 05 0c 0c	20 20 20 20 20 20 20 20		
20 20 20 20 20 20 20 20	20 20 20 20 20 20 20 20		
20 20 20 20 20 20 20 20	20 20 20 20 20 20 20 20		
20 20 20 20 20 20 20 20	20 20 20 20 20 20 20 20		
20 20 20 20 20 20 20 20	20 20 20 20 20 20 20 20		
20 20 20 20 20 20 20 20	20 20 20 20 20 20 20 20		
20 20 20 20 20 20 20 20	20 20 20 20 20 20 20 20		
20 20 20 20 20 20 20 20	20 20 20 20 20 20 20 20	
20 20 20 20 20 20 20 20	20 20 20 20 20 20 20 20		
20 20 20 20 20 20 20 20	20 20 20 20 20 20 20 20		
20 20 20 20 20 20 20 20	20 20 20 20 20 20 20 20		
20 20 20 20 20 20 20 20	20 20 20 20 20 20 20 20		
20 20 10 12 05 13 13 20	1a 20 20 20 20 20 20 20	
20 20 20 20 20 20 20 20	20 20 20 20 20 20 20 20		
20 20 20 20 20 20 20 20	20 20 20 20 20 20 20 20		
20 20 20 20 20 20 20 20	20 20 20 20 20 20 20 20		
20 20 20 20 20 20 20 20	20 20 20 20 20 20 20 20		
20 20 20 20 20 20 20 20	20 20 20 20 20 20 20 20		
20 20 20 20 20 20 20 20	20 20 20 20 20 20 20 20		
20 20 20 20 20 20 20 20	20 20 20 20 20 20 20 20		
20 20 20 20 20 20 20 20	20 20 20 20 20 20 20 20		
20 20 20 20 20 20 20 20	20 20 20 20 20 20 20 20		
20 20 20 20 20 20 20 20	20 20 20 20 20 20 20 20